a<-5
a
b<-6
b